+-----------------------------------------------------------------------------------------------------------------------------------------------------------------------------------------------------------------------------------------+
; Legal Partition Candidates                                                                                                                                                                                                              ;
+------------------------------------+-------+----------------+--------------+----------------+--------+-----------------+---------------+-----------------+-------+----------------+--------------+------------------+-------------------+
; Hierarchy                          ; Input ; Constant Input ; Unused Input ; Floating Input ; Output ; Constant Output ; Unused Output ; Floating Output ; Bidir ; Constant Bidir ; Unused Bidir ; Input only Bidir ; Output only Bidir ;
+------------------------------------+-------+----------------+--------------+----------------+--------+-----------------+---------------+-----------------+-------+----------------+--------------+------------------+-------------------+
; inst2                              ; 25    ; 1              ; 0            ; 1              ; 32     ; 1               ; 1             ; 1               ; 0     ; 0              ; 0            ; 0                ; 0                 ;
; IRI                                ; 4     ; 16             ; 0            ; 16             ; 16     ; 16              ; 16            ; 16              ; 16    ; 0              ; 0            ; 0                ; 0                 ;
; IRX                                ; 4     ; 0              ; 0            ; 0              ; 16     ; 0               ; 0             ; 0               ; 16    ; 0              ; 0            ; 0                ; 0                 ;
; inst12|$00000|auto_generated       ; 17    ; 0              ; 0            ; 0              ; 8      ; 0               ; 0             ; 0               ; 0     ; 0              ; 0            ; 0                ; 0                 ;
; inst13|$00000|auto_generated       ; 3     ; 0              ; 0            ; 0              ; 1      ; 0               ; 0             ; 0               ; 0     ; 0              ; 0            ; 0                ; 0                 ;
; inst1                              ; 38    ; 0              ; 0            ; 0              ; 42     ; 0               ; 0             ; 0               ; 0     ; 0              ; 0            ; 0                ; 0                 ;
; ACCA                               ; 4     ; 0              ; 0            ; 0              ; 10     ; 0               ; 0             ; 0               ; 24    ; 0              ; 0            ; 0                ; 8                 ;
; Y                                  ; 9     ; 16             ; 0            ; 16             ; 34     ; 16              ; 16            ; 16              ; 18    ; 0              ; 0            ; 0                ; 2                 ;
; X                                  ; 9     ; 0              ; 0            ; 0              ; 34     ; 0               ; 0             ; 0               ; 18    ; 0              ; 0            ; 0                ; 2                 ;
; AUX                                ; 8     ; 2              ; 0            ; 2              ; 34     ; 2               ; 2             ; 2               ; 18    ; 0              ; 0            ; 0                ; 2                 ;
; AP                                 ; 8     ; 0              ; 0            ; 0              ; 34     ; 0               ; 0             ; 0               ; 18    ; 0              ; 0            ; 0                ; 2                 ;
; PC                                 ; 8     ; 0              ; 0            ; 0              ; 34     ; 0               ; 0             ; 0               ; 18    ; 0              ; 0            ; 0                ; 2                 ;
; inst                               ; 18    ; 0              ; 0            ; 0              ; 16     ; 0               ; 0             ; 0               ; 0     ; 0              ; 0            ; 0                ; 0                 ;
; inst6                              ; 19    ; 0              ; 8            ; 0              ; 0      ; 0               ; 0             ; 0               ; 8     ; 0              ; 0            ; 0                ; 0                 ;
; BusBaja                            ; 2     ; 0              ; 0            ; 0              ; 0      ; 0               ; 0             ; 0               ; 16    ; 0              ; 0            ; 0                ; 0                 ;
; BusAlta                            ; 2     ; 0              ; 0            ; 0              ; 0      ; 0               ; 0             ; 0               ; 16    ; 0              ; 0            ; 0                ; 0                 ;
; ACCB                               ; 4     ; 0              ; 0            ; 0              ; 10     ; 0               ; 0             ; 0               ; 24    ; 0              ; 0            ; 0                ; 8                 ;
; inst8                              ; 10    ; 0              ; 0            ; 0              ; 12     ; 0               ; 0             ; 0               ; 0     ; 0              ; 0            ; 0                ; 0                 ;
; inst3                              ; 10    ; 0              ; 0            ; 0              ; 13     ; 0               ; 0             ; 0               ; 0     ; 0              ; 0            ; 0                ; 0                 ;
; inst14|inst4                       ; 14    ; 0              ; 0            ; 0              ; 12     ; 0               ; 0             ; 0               ; 0     ; 0              ; 0            ; 0                ; 0                 ;
; inst14|inst6|$00001|auto_generated ; 37    ; 0              ; 0            ; 0              ; 1      ; 0               ; 0             ; 0               ; 0     ; 0              ; 0            ; 0                ; 0                 ;
; inst14|inst3                       ; 3     ; 0              ; 0            ; 0              ; 4      ; 0               ; 0             ; 0               ; 0     ; 0              ; 0            ; 0                ; 0                 ;
; inst14|inst5|$00000|auto_generated ; 25    ; 0              ; 0            ; 0              ; 12     ; 0               ; 0             ; 0               ; 0     ; 0              ; 0            ; 0                ; 0                 ;
; inst14|inst9                       ; 12    ; 50             ; 0            ; 50             ; 98     ; 50              ; 50            ; 50              ; 0     ; 0              ; 0            ; 0                ; 0                 ;
; inst14|inst13                      ; 100   ; 0              ; 0            ; 0              ; 98     ; 0               ; 0             ; 0               ; 0     ; 0              ; 0            ; 0                ; 0                 ;
; inst14                             ; 46    ; 0              ; 0            ; 0              ; 92     ; 0               ; 0             ; 0               ; 0     ; 0              ; 0            ; 0                ; 0                 ;
; inst5|inst14                       ; 8     ; 0              ; 0            ; 0              ; 8      ; 0               ; 0             ; 0               ; 0     ; 0              ; 0            ; 0                ; 0                 ;
; inst5|inst7                        ; 4     ; 0              ; 0            ; 0              ; 2      ; 0               ; 0             ; 0               ; 0     ; 0              ; 0            ; 0                ; 0                 ;
; inst5|inst12                       ; 3     ; 0              ; 0            ; 0              ; 1      ; 0               ; 0             ; 0               ; 0     ; 0              ; 0            ; 0                ; 0                 ;
; inst5|inst5                        ; 4     ; 0              ; 0            ; 0              ; 2      ; 0               ; 0             ; 0               ; 0     ; 0              ; 0            ; 0                ; 0                 ;
; inst5|inst11                       ; 11    ; 0              ; 0            ; 0              ; 1      ; 0               ; 0             ; 0               ; 0     ; 0              ; 0            ; 0                ; 0                 ;
; inst5|inst3                        ; 4     ; 0              ; 0            ; 0              ; 2      ; 0               ; 0             ; 0               ; 0     ; 0              ; 0            ; 0                ; 0                 ;
; inst5|inst10                       ; 11    ; 0              ; 0            ; 0              ; 1      ; 0               ; 0             ; 0               ; 0     ; 0              ; 0            ; 0                ; 0                 ;
; inst5|inst2                        ; 4     ; 0              ; 0            ; 0              ; 2      ; 0               ; 0             ; 0               ; 0     ; 0              ; 0            ; 0                ; 0                 ;
; inst5|inst9                        ; 6     ; 0              ; 0            ; 0              ; 1      ; 0               ; 0             ; 0               ; 0     ; 0              ; 0            ; 0                ; 0                 ;
; inst5|inst1                        ; 4     ; 0              ; 0            ; 0              ; 2      ; 0               ; 0             ; 0               ; 0     ; 0              ; 0            ; 0                ; 0                 ;
; inst5|inst13                       ; 3     ; 0              ; 0            ; 0              ; 1      ; 0               ; 0             ; 0               ; 0     ; 0              ; 0            ; 0                ; 0                 ;
; inst5|inst                         ; 4     ; 0              ; 0            ; 0              ; 2      ; 0               ; 0             ; 0               ; 0     ; 0              ; 0            ; 0                ; 0                 ;
; inst5|inst6                        ; 4     ; 0              ; 0            ; 0              ; 2      ; 0               ; 0             ; 0               ; 0     ; 0              ; 0            ; 0                ; 0                 ;
; inst5|inst15                       ; 8     ; 1              ; 0            ; 1              ; 9      ; 1               ; 1             ; 1               ; 0     ; 0              ; 0            ; 0                ; 0                 ;
; inst5|inst4                        ; 4     ; 0              ; 0            ; 0              ; 2      ; 0               ; 0             ; 0               ; 0     ; 0              ; 0            ; 0                ; 0                 ;
; inst5                              ; 35    ; 0              ; 0            ; 0              ; 8      ; 0               ; 0             ; 0               ; 8     ; 0              ; 0            ; 0                ; 0                 ;
+------------------------------------+-------+----------------+--------------+----------------+--------+-----------------+---------------+-----------------+-------+----------------+--------------+------------------+-------------------+
